0			58.2591614294379	41.6506442729598	0			-99.909805193075	0
0.278771839135463	58.0866926853082	41.7577171159601	0.282242915496828	-99.8446403771014	0.0484957608857786
0.558945073894131	57.9135097254645	41.8630467308174	0.566484726396655	-99.7764398248596	0.0964469126802112
0.8392646660533		57.7402261566674	41.9669390821491	0.850758455229793	-99.7064675416374	0.143708602210777
1.11971413144369	57.5668489765147	42.0693970914287	1.13504111592578	-99.6347426799872	0.190259614255054
1.40028014002411	57.3933836387659	42.1704168570693	1.41931638388708	-99.5612722096022	0.236073585249159
1.68094930037198	57.2198357744652	42.2699944584588	1.70356803545697	-99.4860635087219	0.281124247586266
1.96170819099973	57.0462111925786	42.3681259933884	1.98777998286609	-99.4091244269344	0.325385503991797
2.24254336456516	56.8725158796707	42.4648075796879	2.2719362833198		-99.3304632840091	0.368831439845161
2.52344135170309	56.6987559997335	42.5600353566267	2.55602114737831	-99.2500888679618	0.411436335011713
2.80438866493847	56.5249378931433	42.6538054872362	2.84001894719652	-99.1680104333798	0.453174675571018
3.08537180250864	56.3510680769202	42.7461141584595	3.12391422449051	-99.084237698477	0.494021165327295
3.3663772522907		56.1771532431198	42.8369575838608	3.40769169836119	-98.9987808424737	0.53395073719113
3.64739149569405	56.0032002586392	42.9263320046333	3.69133627288637	-98.9116505027018	0.572938564376655
3.92840101155647	55.8292161642469	43.0142336910154	3.97483304448256	-98.8228577711046	0.610960071392524
4.2093922800467		55.6552081733195	43.1006589440167	4.25816730899571	-98.7324141904163	0.647990944820643
4.4903517865802		55.481183670928		43.1856040968609	4.54132456864079	-98.6403317502128	0.684007143907922
4.77126602570857	55.3071502126419	43.269065516608		4.82429053861207	-98.5466228827816	0.718984910922123
5.05212150501449	55.1331155232203	43.3510396052024	5.10705115344824	-98.4513004581687	0.752900781240803
5.33290474898734	54.9590874950884	43.4315228014637	5.38959257315498	-98.3543777794438	0.785731593244746
5.61360230292669	54.7850741868641	43.5105115824218	5.67190118907613	-98.2558685775627	0.817454497937509
5.89420073675522	54.6110838218314	43.5880024645954	5.95396362941361	-98.1557870056835	0.848046968285009
6.17468664888073	54.4371247860533	43.6639920056545	6.23576676453095	-98.054147633445	0.877486808305363
6.4550466700348		54.2632056265611	43.7384768058203	6.51729771198437	-97.9509654409861	0.905752161886001
6.7352674670385		54.089335049484		43.8114535094375	6.79854384120467	-97.8462558126221	0.932821521311781
7.0153357465253		53.9155219179883	43.8829188057887	7.07949277783936	-97.7400345298819	0.95867373542237
7.29523825883849	53.7417752500062	43.9528694317188	7.36013240804719	-97.6323177655043	0.983288017700264
7.57496180155593	53.5681042161262	44.0213021716876	7.64045088211565	-97.5231220753281	1.00664395372674
7.85449322330019	53.3945181372396	44.0882138600334	7.92043661813161	-97.4124643917206	1.02872150862552
8.13381942729554	53.2210264818501	44.1536013821668	8.20007830508367	-97.3003620157058	1.04950103402088
8.4129273750178		53.047638863767		44.2174616757108	8.47936490580244	-97.1868326091293	1.06896327472569
8.6918040897676		52.8743650393345	44.2797917321971	8.75828565962693	-97.071894186837	1.08708937515823
8.97043666009246	52.7012149047186	44.3405885977427	9.03683008454113	-96.9555651080924	1.10386088529511
9.24881224337999	52.5281984928609	44.3998493754246	9.31498797934493	-96.8378640687323	1.11925976652193
9.52691806925222	52.3553259708244	44.4575712255275	9.59274942523398	-96.7188100920271	1.13326839693648
9.80474144284219	52.1826076365533	44.5137513673293	9.87010478717657	-96.5984225201193	1.14586957641924
10.0822697482514	52.0100539157332	44.568387080287		10.1470447150813	-96.4767210050653	1.15704653141133
10.3594904517201	51.8376753585788	44.6214757052104	10.4235601444551	-96.3537254995453	1.1667829192654
10.6363911048923	51.6654826366069	44.6730146453948	10.6996422970401	-96.22945624777		1.17506283234541
10.9129593479394	51.4934865390831	44.7230013680096	10.9752826809157	-96.1039337759412	1.18187080177073
11.1891829126451	51.3216979696624	44.7714334049375	11.250473090416		-95.9771788826061	1.18719180078779
11.4650496255046	51.1501279426309	44.8183083543852	11.5252056058489	-95.8492126291561	1.19101124790712
11.7405474105966	50.9787875795085	44.8636238814167	11.7994725927616	-95.7200563298093	1.19331500960184
12.0156642925001	50.8076881050749	44.9073777192765	12.0732667009829	-95.5897315415765	1.19408940271165
12.2903883992205	50.6368408437272	44.9495676706159	12.3465808636027	-95.4582600546297	1.19332119664682
12.5647079648884	50.4662572156446	44.990191608284		12.6194082953857	-95.325663881962	1.19099761510522
12.8386113324116	50.2959487325181	45.0292474763105	12.8917424910875	-95.1919652488722	1.18710633747755
13.1120869562084	50.1259269939879	45.0667332911074	13.163577223572		-95.0571865833621	1.18163550015194
13.3851234046686	49.9562036832204	45.1026471420009	13.4349065415034	-94.9213505051163	1.17457369718077
13.6577093627143	49.7867905629607	45.136987192494		13.7057247670724	-94.7844798155906	1.16590998096068
13.9298336341439	49.6176994712539	45.1697516809		13.9760264931823	-94.6465974872838	1.15563386236042
14.2014851439622	49.4489423173215	45.2009389213359	14.2458065806696	-94.5077266535969	1.14373531075883
14.472652940702		49.2805310770326	45.2305473042871	14.5150601552004	-94.367890597835	1.13020475357538
14.7433261985911	49.1124777887726	45.2585752977946	14.7837826040302	-94.2271127433477	1.11503307576423
15.0134942195321	48.944794549137		45.2850214475809	15.0519695723451	-94.0854166424833	1.09821161878155
15.2831464352971	48.7774935081907	45.3098843781279	15.3196169597843	-93.9428259662339	1.07973217942137
15.5522724093798	48.6105868652452	45.3331627935142	15.586720916511		-93.7993644939792	1.05958700844047
15.8208618389002	48.444086864372		45.3548554775619	15.8532778391942	-93.6550561027384	1.03776880872638
16.0889045563378	48.2780057897933	45.3749612946981	16.1192843668106	-93.509924756769	1.01427073335109
16.3563905312898	48.1123559612252	45.3934791904479	16.384737376297		-93.3639944971162	0.989086383336631
16.623309872056		47.9471497297197	45.4104081918868	16.6496339781346	-93.2172894314859	0.96220980522083
16.88965282722		47.7823994725859	45.4257474082393	16.9139715116435	-93.0698337236448	0.933635488307631
17.1554097871687	47.6181175891225	45.4394960312696	17.1777475404058	-92.9216515834295	0.903358361786616
17.4205712852958	47.4543164958927	45.4516533354125	17.4409598470977	-92.7727672562225	0.871373791457675
17.6851279995189	47.2910086220536	45.4622186786627	17.703606428934		-92.6232050132761	0.837677576511014
17.9490707533781	47.1282064049982	45.4711915021676	17.9656854922084	-92.4729891412879	0.802265945824958
18.2123905172149	46.9659222854533	45.4785713311388	18.2271954473971	-92.3221439327932	0.765135554250036
18.4750784092559	46.8041687028696	45.4843577748667	18.4881349038592	-92.1706936760981	0.726283478611416
18.7371256966404	46.6429580911092	45.4885505267565	18.748502664503		-92.0186626457407	0.685707213572007
18.9985237961562	46.4823028735241	45.4911493646159	19.008297720315		-91.8660750926367	0.643404667225384
19.2592642752522	46.3222154586579	45.4921541507504	19.267519245148		-91.7129552347922	0.599374156665143
19.519338852857		46.1627082354847	45.4915648320751	19.526166590091		-91.559327247913	0.55361440331013
19.7787393997309	46.0037935690663	45.4893814400101	19.7842392779087	-91.4052152559895	0.5061245279831
20.0374579394208	45.8454837959067	45.4856040905897	20.0417369976078	-91.2506433223342	0.456904046035276
20.2954866485455	45.6877912196235	45.4802329842286	20.2986595988386	-91.095635440537	0.40595286214842
20.5528178574342	45.5307281062758	45.4732684060553	20.5550070862544	-90.9402155257014	0.353271265139647
20.8094440502894	45.3743066804058	45.4647107250589	20.8107796139021	-90.7844074056456	0.298859922510075
21.0653578658008	45.2185391201684	45.4545603947347	21.0659774797905	-90.6282348125586	0.242719875024762
21.3205520969952	45.0634375533475	45.4428179522228	21.3206011200096	-90.4717213743799	0.184852530955616
21.5750196917214	44.9090140531589	45.4294840182841	21.5746511034112	-90.3148906068292	0.125259660508833
21.8287537525894	44.7552806339129	45.4145592969455	21.8281281259173	-90.1577659052635	0.0639433898887255
22.0817475371203	44.602249246628		45.398044575609	        22.0810330051229        -90.0003705369072	0.0009061954655276
22.3339944574666	44.449931775504		45.3799407237642	22.3333666745407	-89.8427276329044	-0.063849102363449
22.5854880804938	44.2983400334098	45.3602486932723	22.5851301783908	-89.6848601810091	-0.130319345183882
22.8362221276588	44.1474857581655	45.3389695178468	22.8363246661039	-89.5267910183598	-0.19850104265831
23.0861904746229	43.9973806085434	45.3161043123177	23.0869513869298	-89.3685428240626	-0.268390378890626
23.3353871510268	43.8480361605675	45.2916542720935	23.3370116846921	-89.2101381123249	-0.339983218663248
23.5838063400866	43.6994639034592	45.2656206730026	23.5865069924693	-89.0515992257422	-0.413275113766346
23.8314423783246	43.5516752364075	45.2380048701761	23.8354388275441	-88.8929483287007	-0.488261309395179
24.0782897547466	43.4046814646205	45.2088082974848	24.0838087860377	-88.7342074007303	-0.564936750732418
24.3243431108532	43.2584937959184	45.1780324674134	24.3316185383391	-88.5753982308603	-0.64329608910995
24.5695972394701	43.1131233373235	45.145678969494		24.5788698235995	-88.4165424109104	-0.723333688932214
24.8140470845303	42.9685810915718	45.1117494702175	24.8255644453222	-88.2576613301634	-0.805043633929508
25.0576877400925	42.8248779542024	45.0762457117907	25.0717042663127	-88.0987761696127	-0.888419733819361
25.3005144499336	42.6820247098249	45.0391695119842	25.3172912042406	-87.9399078966819	-0.97345553082424
25.5425226062435	42.5400320296209	45.0005227621586	25.5623272266915	-87.7810772594885	-1.06014430648996
25.7837077493317	42.3989104678324	44.9603074275476	25.8068143470412	-87.622304782516	-1.14847908799052
26.0240655663096	42.2586704592496	44.918525545634		26.0507546198451	-87.4636107613356	-1.23845265493308
26.2635918904678	42.1193223162021	44.8751792254878	26.2941501366798	-87.3050152582077	-1.33005754588142
26.5022827000591	41.9808762257434	44.8302706466893	26.5370030219052	-87.1465380974379	-1.4232860650305
26.7401341173802	41.8433422474917	44.7838020581949	26.7793154284474	-86.9881988613717	-1.51813028871748
26.9771424077179	41.7067303105243	44.7357757775586	27.0210895341317	-86.8300168862164	-1.61458207206482
27.2133039782107	41.5710502113761	44.6861941897752	27.2623275376236	-86.6720112583423	-1.71263305547822
27.4486153767037	41.4363116115151	44.6350597459731	27.5030316547105	-86.5142008103933	-1.81227467130869
27.6830732906836	41.3025240353004	44.5823749626874	27.743204114785		-86.3566041182962	-1.9134981501489
27.9166745458768	41.1696968676265	44.52814242042		27.9828471572081	-86.1992394975468	-2.01629452754451
28.1494161050585	41.0378393522248	44.4723647623024	28.2219630278889	-86.0421250002838	-2.12065465040728
28.3812950670111	40.906960589379		44.4150446936053	28.4605539763038	-85.8852784127433	-2.22656918324407
28.6123086648223	40.7770695344742	44.3561849796813	28.6986222518842	-85.7287172521173	-2.3340286147904
28.8424542649069	40.6481749960684	44.2957884452886	28.936170101432		-85.5724587644113	-2.44302326419646
29.0717293653688	40.5202856344211	44.2338579731298	29.1731997658341	-85.4165199220708	-2.55354328733488
29.300131594756		40.3934099598114	44.1703965024418	29.4097134773825	-85.2609174215797	-2.66557868319155
29.5276587107504	40.2675563313902	44.1054070279464	29.645713457329		-85.1056676819852	-2.77911929986423
29.754308598386		40.1427329557094	44.0388925985447	29.8812019128357	-84.950786842981	-2.894154840766
29.980079268998		40.0189478855585	43.9708563155858	30.1161810349749	-84.7962907630392	-3.01067487088404
30.2049688584015	39.8962090189356	43.9013013319649	30.3506529960686	-84.6421950184254	-3.12866882259622
30.4289756256413	39.7745240979912	43.8302308504681	30.5846199476959	-84.4885149017072	-3.24812600179822
30.6520979512965	39.6539007082233	43.7576481225706	30.8180840184609	-84.335265420867	-3.36903559370949
30.8743343360564	39.5343462775543	43.6835564469338	31.0510473120308	-84.1824612982867	-3.49138666882441
31.095683399185		39.4158680756394	43.6079591679664	31.2835119053285	-84.0301169698911	-3.61516818874432
31.3161438768181	39.2984732136434	43.5308596744157	31.5154798465203	-83.8782465850126	-3.74036901168655
31.5357146204644	39.1821686431516	43.4522613979777	31.7469531536611	-83.7268640054405	-3.86697789843775
31.7543945955063	39.0669611562597	43.3721678118414	31.9779338130277	-83.5759828055947	-3.99498351770065
31.9721828795465	38.9528573849243	43.2905824292226	32.2084237775926	-83.4256162721771	-4.12437445176901
32.1890786606495	38.839863801005		43.207508801885		32.4384249657388	-83.2757774043517	-4.25513920185479
32.4050812358527	38.7279867161015	43.1229505184439	32.6679392599991	-83.1264789136938	-4.38726619366455
32.6201900096936	38.617232281377		43.0369112034703	32.8969685060668	-82.9777332249887	-4.52074378236576
32.8344044923261	38.5076064876528	42.9493945153609	33.1255145115895	-82.8295524761387	-4.65556025820997
33.0477242979193	38.3991151656769	42.8604041451866	33.3535790451858	-82.6819485191101	-4.79170385142717
33.2601491431655	38.2917639863402	42.7699438150703	33.581163835789		-82.5349329206251	-4.92916273732211
33.4716788455055	38.1855584607939	42.6780172768106	33.8082705717551	-82.3885169629463	-5.06792504140093
33.6823133215874	38.0805039412086	42.5846283101164	34.0349009003016	-82.2427116449178	-5.20797884416176
33.8920525854034	37.9766056208118	42.4897807214669	34.261056426699		-82.0975276830491	-5.34931218598422
34.1008967470304	37.873868534722		42.3934783422667	34.4867387142148	-81.952975512706	-5.49191307197378
34.3088460105785	37.772297560772		42.2957250275034	34.7119492832641	-81.8090652896855	-5.63576947638016
34.5159006728214	37.6718974197698	42.1965246540695	34.9366896113882	-81.6658068912337	-5.78086934759074
34.7220611213658	37.5726726764604	42.0958811194804	35.1609611328293	-81.5232099178715	-5.92720061239825
34.9273278331139	37.4746277407105	41.9937983402715	35.3847652384415	-81.3812836953019	-6.07475118032537
35.1317013727281	37.3777668678647	41.8902802502927	35.6081032756603	-81.2400372755496	-6.22350894841564
35.3351823907306	37.2820941602233	41.7853307994854	35.8309765483969	-81.099479439341	-6.37346180507451
35.537771622095		37.1876135679553	41.6789539521359	36.0533863170457	-80.9596186979212	-6.52459763445954
35.7394698846034	37.0943288899375	41.5711536856142	36.2753337987834	-80.8204632948947	-6.67690432070638
35.9402780771247	37.0022437755918	41.4619339885773	36.4968201675497	-80.6820212086974	-6.83036975166775
36.1401971780956	36.9113617254877	41.3512988596788	36.7178465544348	-80.5443001544861	-6.98498182317891
36.3392282439401	36.821686093022		41.2392523060738	36.9384140479024	-80.407307586641	-7.14072844271688
36.5373724074176	36.7332200855586	41.125798341901		37.158523694194		-80.2710507009873	-7.29759753332412
36.7346308760723	36.6459667662385	41.0109409865579	37.3781764977843	-80.1355364373367	-7.45557703725212
36.9310049306591	36.5599290547843	40.8946842637589	37.5973734217084	-80.0007714818612	-7.61465491966491
37.1264959235753	36.475109729879		40.7770321995471	37.8161153882547	-79.8667622699401	-7.77481917198775
37.3211052774118	36.3915114298632	40.6579888211813	38.0344032795077	-79.7335149884012	-7.93605781574969
37.5148344831618	36.3091366551538	40.5375581552945	38.2522379377442	-79.6010355785039	-8.09835890561292
37.7076850989872	36.2279877693314	40.4157442269891	38.4696201664422	-79.4693297386389	-8.26171053285723
37.8996587485707	36.1480670009159	40.2925510580163	38.6865507307311	-79.3384029269583	-8.42610082867937
38.0907571195752	36.0693764455323	40.167982665341		38.9030303582161	-79.2082603645007	-8.59151796717381
38.2809819621467	35.9919180672535	40.0420430598856	39.1190597396766	-79.0789070378364	-8.75795016857651
38.4703350876881	35.9156937005527	39.9147362451234	39.3346395300952	-78.9503477022153	-8.92538570213907
38.6588183669849	35.8407050522234	39.7860662155163	39.5497703492146	-78.8225868843457	-9.0938128891925
38.846433729108		35.7669537032274	39.6560369552866	39.7644527825701	-78.6956288855995	-9.26322010586557
39.0331831598505	35.6944411106053	39.5246524369546	39.9786873824175	-78.5694777849454	-9.43359578599002
39.2190687002006	35.6231686093293	39.3919166200662	40.1924746685637	-78.444137442052	-9.60492842371668
39.4040924451911	35.5531374146309	39.2578334494746	40.405815129405		-78.319611500422	-9.77720657620433
39.5882565422751	35.484348623501		39.1224068547243	40.618709222862		-78.1959033906214	-9.95041886604564
39.7715631900096	35.4168032171129	38.9856407478438	40.8311573772941	-78.0730163332078	-10.1245539839915
39.9540146368479	35.3505020626656	38.8475390228823	41.0431599927098	-77.9509533422855	-10.2996006910809
40.1356131796469	35.2854459156156	38.7081055537253	41.2547174416367	-77.8297172283138	-10.4755478212504
40.3163611623823	35.2216354214878	38.567344193535		41.4658300703075	-77.709310601536	-10.6523842834798
40.4962609746911	35.1590711183974	38.4252587729788	41.6764981994112	-77.5897358752301	-10.8300990639449
40.6753150509757	35.0977534387273	38.2818530992574	41.8867221256057	-77.4709952689433	-11.008681228268
40.853525868692		35.0376827115514	38.1371309546718	42.0965021222727	-77.3530908116614	-11.1881199235412
41.0308959473933	34.9788591646708	37.9910960954088	42.3058384407684	-77.2360243451678	-11.368404380333
41.207427847249		34.9212829269627	37.8437522502448	42.5147313114344	-77.1197975273372	-11.5495239145685
41.3831241680116	34.8649540301768	37.6951031193657	42.7231809447389	-77.0044118352075	-11.7314679296067
41.5579875477146	34.8098724115094	37.5451523732611	42.9311875323274	-76.8898685685882	-11.9142259177159
41.7320206615577	34.7560379154408	37.393903651307		43.1387512483554	-76.7761688529721	-12.0977874622134
41.9052262205808	34.7034502961827	37.2413605607691	43.3458722502733	-76.6633136431013	-12.2821422388205
42.0776069706562	34.6521092198519	37.0875266753242	43.5525506801741	-76.5513037260292	-12.4672800175464
42.2491656912241	34.6020142665054	36.9324055342205	43.758786665774		-76.4401397244606	-12.6531906640542
42.4199051943579	34.5531649325048	36.7760006410446	43.9645803216728	-76.3298221001096	-12.8398641412606
42.5898283234412	34.5055606325658	36.6183154623416	44.1699317503545	-76.2203511566764	-13.0272905108829
42.7589379521926	34.4592007022224	36.4593534266631	44.3748410432097	-76.1117270433341	-13.2154599346578
42.9272369834921	34.4140843996581	36.2991179235142	44.5793082818389	-76.0039497577329	-13.4043626758121
43.0947283485963	34.3702109082521	36.1376123020462	44.7833335390137	-75.8970191494378	-13.5939891002751
43.2614150056839	34.3275793385411	35.9748398700719	44.9869168797356	-75.7909349228653	-13.7843296779859
43.4272999392189	34.2861887304836	35.8108038929784	45.1900583624567	-75.6856966406149	-13.9753749840311
43.5923861587114	34.2460380558094	35.645507592491		45.3927580399845	-75.5813037265949	-14.1671156997168
43.7566766978342	34.2071262197788	35.4789541457754	45.5950159606625	-75.4777554689861	-14.3595426138619
43.9201746133425	34.1694520640007	35.3111466842865	45.7968321692847	-75.3750510237071	-14.5526466234728
44.0828829843749	34.1330143678834	35.1420882926971	45.9982067083933	-75.2731894170507	-14.7464187351664
44.2448049110432	34.0978118513368	34.9717820079312	46.199139618885		-75.1721695491052	-14.9408500657052
44.4059435141152	34.0638431765978	34.8002308181005	46.3996309414953	-75.0719901966181	-15.1359318431169
44.5663019336148	34.0311069505964	34.627437661317		46.5996807174643	-74.9726500159949	-15.3316554075679
44.7258833281665	33.9996017270028	34.4534054248258	46.7992889896927	-74.8741475463714	-15.5280122119786
44.8846908741059	33.9693260081742	34.2781369441929	46.9984558035958	-74.7764812125813	-15.7249938229161
45.0427277645448	33.9402782476352	34.1016350016974	47.1971812082352	-74.6796493279283	-15.9225919213201
45.1999972085698	33.9124568517422	33.9239023260747	47.3954652569963	-74.5836500972521	-16.1207983031084
45.356502430503		33.8858601821606	33.7449415909361	47.5933080088549	-74.4884816197597	-16.3196048798476
45.512246668946		33.8604865575431	33.5647554140175	47.7907095290623	-74.394141891678	-16.5190036795417
45.6672331760981	33.8363342561701	33.3833463562842	47.9876698900227	-74.3006288094984	-16.7189868466593
45.8214652169099	33.8134015171213	33.200716920847		48.1841891723327	-74.2079401721758	-16.9195466433898
45.974946068402		33.7916865431621	33.0168695519842	48.3802674655859	-74.1160736844058	-17.1206754495268
46.1276790187639	33.7711875024572	32.8318066340918	48.5759048691146	-74.0250269589625	-17.3223657632287
46.2796673669246	33.7519025301941	32.6455304911074	48.7711014931079	-73.9347975195942	-17.5246102014207
46.4309144213753	33.7338297311513	32.458043385049		48.9658574589365	-73.8453828035183	-17.7274015000885
46.5814234999623	33.7169671812574	32.2693475155071	49.1601729005966	-73.7567801641335	-17.9307325147088
46.7311979289465	33.7013129299198	32.079445018365		49.3540479649924	-73.6689868736657	-18.1345962205425
46.8802410421497	33.6868650014737	31.8883379649528	49.5474828127948	-73.5820001253563	-18.3389857130826
47.0285561806714	33.6736213976236	31.6960283613072	49.7404776192996	-73.4958170364294	-18.5438942079762
47.1761466920932	33.6615800988739	31.5025181470094	49.9330325752733	-73.4104346502823	-18.7493150417635
47.3230159297404	33.65073906686		31.3078091942153	50.1251478873144	-73.3258499389191	-18.9552416716978
47.4691672521942	33.6410962458649	31.1119033070394	50.3168237788501	-73.2420598055233	-19.1616676760591
47.6146040225751	33.6326495650419	30.9148022201247	50.508060490654		-73.1590610865885	-19.3685867544373
47.7593296082124	33.6253969398759	30.7165075981418	50.6988582816953	-73.0768505544509	-19.5759927277815
47.9033473796712	33.6193362742107	30.5170210346363	50.8892174295744	-72.9954249193992	-19.7838795385905
48.0466607105333	33.6144654621424	30.316344051248	5	1.0791382312378		-72.9147808321069	-19.9922412508574
48.1892729765802	33.6107823896544	30.1144780965481	51.268621003598		-72.8349148856842	-20.2010720503931
48.3311875555879	33.6082849365732	29.9114245451931	51.4576660842222	-72.7558236179717	-20.4103662447504
48.472407826458		33.6069709780679	29.7071846971736	51.6462738317301	-72.6775035136183	-20.6201182633757
48.6129371688391	33.606838386759		29.5017597765044	51.8344446264355	-72.5999510061853	-20.8303226574241
48.7527789627127	33.6078850342494	29.2951509305603	52.0221788709916	-72.5231624803284	-21.0409741000337
48.8919365878094	33.6101087926731	29.0873592290805	52.2094769907861	-72.4471342736304	-21.2520673863211
49.030413423161		33.613507536702		28.8783856631529	52.3963394346019	-72.3718626787589	-21.4635974331971
49.1682128465753	33.6180791453996	28.6682311440202	52.5827666749085	-72.2973439454183	-21.6755592794007
49.3053382342901	33.6238215032645	28.4568965026044	52.7687592085881	-72.223574282133	-21.887948085583
49.4417929604794	33.6307325025558	28.2443824880999	52.9543175572722	-72.1505498583741	-22.1007591341325
49.5775803967477	33.6388100445118	28.0306897673093	53.1394422677294	-72.0782668061886	-22.3139878291244
49.7127039118561	33.6480520412025	27.8158189231867	53.3241339125266	-72.0067212220551	-22.5276296964784
49.8471668713078	33.6584564172255	27.5997704542558	53.5083930904464	-71.9359091688325	-22.7416803835495
49.9809726366602	33.6700211109197	27.3825447736849	53.6922204264901	-71.8658266773605	-22.9561356592659
50.1141245656341	33.6827440765621	27.1641422076957	53.875616572899		-71.7964697482087	-23.170991413947
50.2466260112483	33.696623285638		26.9445629948826	54.0585822090737	-71.7278343533455	-23.3862436593048
50.3784803217573	33.7116567281024	26.7238072853478	54.2411180422122	-71.6599164376863	-23.6018885283854
50.5096908402463	33.7278424146051	26.5018751392814	54.4232248075865	-71.5927119209545	-23.8179222753345
50.6402609041528	33.7451783777402	26.2787665259788	54.6049032688536	-71.526216699055	-24.0343412752636
50.7701938450675	33.7636626734488	26.0544813228552	54.786154218527		-71.4604266456275	-24.25114202438
50.8994929883426	33.7832933828344	25.8290193142451	54.9669784782136	-71.3953376136619	-24.468321139681
51.0281616528132	33.804068613481		25.6023801904147	55.1473768989478	-71.3309454369319	-24.6858753588737
51.1562031504187	33.8259865012216	25.3745635460485	55.3273503615626	-71.2672459313115	-24.9038015403923
51.2836207860139	33.8490452112682	25.1455688796163	55.5068997769782	-71.2042348963946	-25.122096663331
51.4104178569172	33.8732429402149	24.9153955917493	55.6860260864389	-71.1419081167338	-25.3407578270411
51.536597652743		33.8985779171686	24.6840429842708	55.8647302618287	-71.0802613632202	-25.5597822513473
51.6621634551857	33.9250484054498	24.4515102589034	56.0430133060917	-71.0192903945017	-25.7791672763986
51.7871185375502	33.9526527039258	24.2177965160617	56.2208762532081	-70.9589909580588	-25.9989103625013
51.911466164688		33.9813891487751	23.9829007534168	56.3983201687874	-70.8993587916593	-26.2190090901407
52.0352095926489	34.0112561145435	23.7468218650824	56.5753461500756	-70.8403896245421	-26.4394611597862
52.1583520685178	34.0422520161734	23.509558639568		56.7519553264484	-70.7820791785417	-26.6602643920932
52.2808968299671	34.0743753098866	23.2711097591375	56.928148859336		-70.7244231692354	-26.8814167275915
52.4028471053956	34.1076244952651	23.0314737979391	57.1039279428066	-70.6674173073044	-27.1029162267361
52.5242061133026	34.1419981163862	22.7906492209312	57.2792938034372	-70.6110572993909	-27.3247610697964
52.6449770624634	34.1774947633272	22.5486343821778	57.4542477010548	-70.5553388492736	-27.5469495572115
52.7651631513107	34.2141130735285	22.3054275238541	57.6287909283826	-70.5002576589849	-27.7694801090489
